233,170
273,178
313,186
350,193
387,199
422,206
456,211
490,216
522,221
554,225
585,230
616,233
646,237
675,240
704,243
733,245
761,248
790,250
818,252
846,255
232,209
272,216
311,223
349,229
385,235
421,240
455,245
488,249
520,254
552,258
583,262
613,265
643,268
672,270
701,273
730,275
758,277
787,280
815,282
843,283
232,247
272,254
311,260
348,265
384,270
419,274
453,278
486,283
518,286
550,290
581,293
611,296
641,298
670,301
699,303
727,305
756,307
784,309
812,310
840,312
232,285
271,291
310,295
347,300
383,304
418,308
452,312
485,315
517,318
548,321
579,324
609,326
639,328
668,331
697,333
725,334
754,336
782,337
809,339
837,340
231,322
271,327
309,331
347,334
382,338
417,342
451,344
483,347
515,350
547,352
577,355
607,356
637,358
666,360
695,362
723,363
752,365
780,366
807,367
835,368
231,359
270,362
309,366
346,369
382,372
416,375
450,377
483,379
514,381
545,383
576,385
606,387
635,388
665,389
693,390
722,392
750,393
778,394
806,395
833,396
231,395
270,398
308,400
345,402
381,405
416,407
449,409
481,410
513,412
544,413
575,415
605,416
634,417
663,418
692,419
720,420
749,421
777,422
804,423
832,423
231,431
270,433
308,434
345,436
381,437
415,439
448,440
481,441
513,442
543,443
574,444
604,445
633,446
662,447
691,447
719,448
747,449
776,449
803,450
831,450
231,466
270,467
308,468
345,469
381,470
415,471
448,472
480,472
512,473
543,474
573,474
603,475
633,475
662,476
691,476
719,476
747,477
775,477
803,477
830,478
230,502
270,502
308,502
345,503
380,503
415,503
448,503
480,503
512,503
543,504
573,504
603,504
633,504
661,504
690,504
719,505
747,505
775,505
802,505
830,505
231,537
270,537
308,536
345,536
381,535
415,535
448,535
481,534
512,534
543,534
574,534
603,533
633,533
662,533
691,533
719,533
747,533
775,533
803,532
830,532
231,573
270,572
309,570
345,569
381,568
415,567
449,566
481,565
513,565
543,564
574,564
604,563
633,562
662,562
691,561
719,561
748,561
775,560
803,560
830,559
231,609
271,607
309,604
346,603
381,601
416,599
449,598
481,596
513,595
544,594
575,593
605,592
634,591
663,591
692,590
720,589
748,588
776,588
804,587
831,587
232,644
271,641
309,639
346,636
382,634
416,632
450,629
482,628
514,626
545,625
575,623
605,622
635,621
664,620
693,619
721,618
749,617
777,616
805,615
832,614
232,680
271,677
310,673
347,670
382,667
417,664
451,662
483,659
515,657
546,655
577,654
607,652
636,650
665,649
694,647
723,646
751,645
779,644
807,643
834,642
232,717
272,713
310,708
347,704
383,701
418,697
452,694
484,691
516,689
547,686
578,684
608,682
638,680
667,678
696,677
724,675
753,674
781,672
809,671
836,670
233,754
273,749
311,744
348,739
385,735
419,731
453,727
486,724
518,720
549,718
580,715
610,713
640,710
669,708
698,706
726,704
755,703
783,701
811,700
838,698
234,792
274,786
312,780
350,774
386,769
420,765
454,760
487,756
520,753
551,749
582,746
612,744
642,741
671,738
701,736
729,734
757,732
786,730
814,728
841,727
234,831
275,824
313,817
351,811
387,805
422,799
456,795
489,790
522,786
553,782
584,778
615,775
645,772
674,769
703,767
732,764
760,762
788,759
816,757
844,756
235,870
276,862
315,854
352,847
389,840
424,834
458,829
492,823
524,819
556,814
587,810
617,806
647,803
677,800
706,797
735,794
763,791
792,789
820,786
848,784
1098,242
1127,239
1156,236
1186,233
1216,230
1246,226
1276,222
1307,218
1338,214
1370,210
1403,204
1436,199
1471,193
1506,187
1542,180
1579,173
1618,165
1658,157
1699,149
1742,140
1102,271
1131,269
1160,266
1190,263
1219,260
1249,257
1279,254
1310,250
1341,246
1373,242
1406,238
1439,233
1473,228
1508,222
1544,216
1581,209
1620,203
1659,195
1700,188
1743,180
1106,300
1135,298
1164,296
1193,293
1223,291
1253,288
1283,285
1313,282
1344,278
1376,274
1408,271
1441,266
1475,262
1510,257
1546,251
1583,246
1621,240
1661,233
1702,227
1744,220
1110,329
1138,327
1167,325
1197,323
1226,321
1256,319
1286,316
1316,313
1347,310
1378,307
1410,303
1443,300
1477,296
1512,292
1548,287
1585,282
1623,276
1662,271
1703,265
1745,259
1112,358
1141,356
1170,354
1199,352
1229,350
1258,348
1288,346
1318,344
1349,341
1381,338
1412,335
1445,332
1479,329
1513,325
1549,321
1586,317
1624,312
1663,308
1704,303
1746,297
1115,386
1144,385
1173,383
1202,381
1231,380
1260,378
1290,376
1320,374
1351,372
1382,370
1414,367
1447,365
1480,361
1514,358
1550,355
1587,352
1625,348
1664,344
1705,340
1746,335
1117,414
1146,413
1175,412
1204,410
1233,409
1262,407
1292,406
1322,404
1353,402
1384,400
1415,399
1448,396
1481,394
1516,392
1551,389
1588,386
1625,383
1665,380
1705,377
1747,373
1119,442
1147,441
1176,440
1205,439
1234,438
1264,436
1293,435
1323,434
1354,432
1385,431
1417,430
1449,428
1482,426
1516,424
1552,422
1588,420
1626,418
1666,415
1706,413
1748,410
1120,469
1148,469
1177,468
1206,467
1235,466
1265,465
1294,464
1324,464
1355,463
1386,461
1417,461
1450,459
1483,458
1517,457
1552,456
1589,454
1627,452
1666,451
1707,449
1748,448
1121,497
1149,496
1178,496
1207,495
1236,495
1265,494
1295,494
1325,493
1355,493
1386,492
1418,491
1450,491
1483,490
1517,489
1553,489
1589,488
1627,487
1666,487
1707,486
1748,485
1121,525
1150,524
1179,524
1207,524
1237,524
1266,523
1295,523
1325,523
1356,523
1387,523
1418,523
1451,522
1484,522
1518,522
1553,522
1590,522
1628,522
1667,522
1707,522
1749,522
1121,552
1150,553
1179,552
1207,552
1237,552
1266,552
1295,552
1325,553
1356,553
1387,553
1418,554
1451,554
1484,554
1518,555
1553,555
1590,556
1628,557
1667,557
1708,558
1749,559
1120,580
1149,580
1178,581
1207,581
1236,581
1265,581
1295,582
1325,583
1355,583
1386,584
1418,585
1450,586
1484,587
1518,587
1553,589
1590,590
1628,591
1667,593
1708,595
1749,597
1120,608
1148,609
1177,609
1206,609
1235,610
1264,611
1294,612
1324,612
1355,614
1385,615
1417,616
1450,617
1483,619
1517,621
1553,622
1590,624
1628,627
1667,629
1708,632
1749,634
1118,636
1147,637
1176,638
1205,638
1234,639
1263,640
1293,641
1323,643
1354,644
1385,646
1416,648
1449,650
1483,652
1517,654
1552,656
1589,659
1628,662
1667,666
1707,669
1749,672
1116,665
1145,666
1174,666
1203,667
1232,669
1262,670
1292,672
1322,673
1352,675
1383,677
1416,680
1448,682
1482,685
1516,688
1552,691
1589,694
1627,698
1666,702
1707,706
1749,710
1114,693
1143,694
1172,696
1201,697
1230,699
1260,700
1290,702
1320,704
1351,707
1382,709
1414,712
1447,715
1480,718
1515,722
1551,726
1588,730
1626,734
1666,739
1706,744
1748,749
1111,722
1140,724
1169,725
1198,727
1228,729
1257,731
1287,733
1318,735
1349,738
1380,741
1413,745
1445,748
1479,752
1514,757
1550,761
1587,766
1625,771
1665,776
1706,782
1748,788
1108,752
1137,754
1166,755
1195,757
1225,759
1255,762
1285,765
1315,767
1346,771
1378,774
1410,778
1443,782
1478,787
1512,791
1548,797
1586,802
1624,808
1664,814
1705,821
1748,828
1104,782
1134,784
1163,786
1192,788
1222,790
1252,793
1282,796
1313,799
1344,803
1376,807
1408,812
1441,816
1476,821
1511,827
1547,833
1584,839
1623,846
1663,853
1704,860
1746,868
