0
7
19
34
64
89
126
178
218
279
280
223
177
127
91
67
40
20
11
2
10
15
24
45
70
102
142
183
235
299
297
233
182
143
99
71
51
31
13
6
18
25
32
56
83
115
155
197
250
301
302
253
192
152
118
82
52
33
27
16
39
47
57
78
98
128
171
209
262
327
324
267
211
168
130
106
79
53
49
35
62
74
81
104
121
163
199
247
298
339
338
290
244
202
160
120
101
85
69
60
95
96
116
138
161
189
229
269
316
353
352
323
270
225
188
162
133
112
110
90
132
145
154
169
204
224
258
311
347
371
369
346
312
264
226
195
166
153
146
124
179
187
193
210
245
272
313
340
365
383
387
361
343
309
275
242
214
203
186
175
222
234
252
266
289
322
344
362
377
395
391
378
363
345
328
292
260
251
239
230
281
293
307
330
333
357
368
384
393
399
398
392
386
370
355
332
321
300
291
278
282
284
303
319
334
356
374
385
388
397
396
394
382
375
354
335
329
304
296
283
231
232
255
259
285
320
351
360
376
390
389
379
367
349
331
295
263
248
236
217
173
180
198
213
243
268
310
341
366
381
380
364
342
315
274
240
215
200
181
174
129
144
148
170
207
216
257
308
350
372
373
348
314
256
219
205
167
151
141
125
88
100
119
137
157
191
221
273
325
358
359
326
271
220
190
156
139
117
103
92
65
75
86
109
123
159
201
241
286
337
336
287
246
194
158
122
108
84
72
63
43
44
54
76
111
131
164
212
261
318
317
265
208
165
136
97
77
55
48
36
17
29
38
58
87
114
149
196
254
305
306
249
206
150
113
80
59
41
28
21
5
12
30
50
73
105
147
184
237
294
288
238
185
140
107
68
46
26
14
9
1
4
23
37
61
93
134
176
227
277
276
228
172
135
94
66
42
22
8
3
