0
380
19
399
381
360
39
1
398
379
20
18
361
38
378
21
59
340
40
2
17
359
397
382
22
41
377
58
358
341
362
37
42
57
3
79
339
383
342
60
16
357
396
320
321
23
376
61
338
78
363
36
56
77
322
337
43
62
343
356
99
384
80
319
4
300
395
15
375
98
24
35
318
364
81
301
323
336
63
76
355
82
55
44
317
97
302
344
280
5
119
14
299
385
394
100
101
335
64
34
281
96
25
298
83
365
75
374
316
303
118
324
117
354
345
45
102
297
54
282
95
84
315
304
139
279
6
13
65
260
74
325
120
116
386
393
334
283
103
296
373
278
26
33
261
121
138
366
262
346
353
277
53
137
122
46
295
284
314
305
94
104
115
85
326
333
136
276
73
123
263
66
392
240
259
159
387
12
7
140
241
258
32
27
367
372
158
141
114
105
294
285
52
142
313
135
347
47
242
86
257
306
93
157
124
275
352
264
332
67
143
72
327
243
156
256
265
239
8
274
293
286
160
11
125
113
134
388
391
106
179
220
221
31
161
28
238
368
371
178
255
307
155
244
92
144
312
87
237
351
48
177
162
51
348
222
273
266
126
223
176
328
68
236
133
331
163
71
245
107
112
292
145
287
254
154
390
389
199
9
10
180
200
219
201
224
308
311
370
164
91
198
175
181
369
235
218
30
88
29
197
49
50
202
217
349
350
182
267
153
246
127
132
146
272
253
108
330
329
203
225
196
165
111
70
288
291
69
174
216
183
234
195
184
204
215
310
309
90
89
147
247
252
152
166
173
131
128
271
233
268
226
110
109
214
194
205
185
289
290
227
151
167
172
251
148
248
232
186
130
193
129
269
270
206
213
228
168
171
231
250
249
212
149
187
207
192
150
208
230
229
170
191
188
211
169
210
209
190
189
